Vertex Count: 36

Data:



-1000.0  100.0 -1000.0 0.0 0.0  0.0  0.0 -1.0
 1000.0  100.0 -1000.0 1.0 0.0  0.0  0.0 -1.0
-1000.0 -100.0 -1000.0 0.0 1.0  0.0  0.0 -1.0
-1000.0 -100.0 -1000.0 0.0 1.0  0.0  0.0 -1.0
 1000.0  100.0 -1000.0 1.0 0.0  0.0  0.0 -1.0
 1000.0 -100.0 -1000.0 1.0 1.0  0.0  0.0 -1.0
 1000.0  100.0 -1000.0 0.0 0.0  1.0  0.0  0.0
 1000.0  100.0  1000.0 1.0 0.0  1.0  0.0  0.0
 1000.0 -100.0 -1000.0 0.0 1.0  1.0  0.0  0.0
 1000.0 -100.0 -1000.0 0.0 1.0  1.0  0.0  0.0
 1000.0  100.0  1000.0 1.0 0.0  1.0  0.0  0.0
 1000.0 -100.0  1000.0 1.0 1.0  1.0  0.0  0.0
 1000.0  100.0  1000.0 0.0 0.0  0.0  0.0  1.0
-1000.0  100.0  1000.0 1.0 0.0  0.0  0.0  1.0
 1000.0 -100.0  1000.0 0.0 1.0  0.0  0.0  1.0
 1000.0 -100.0  1000.0 0.0 1.0  0.0  0.0  1.0
-1000.0  100.0  1000.0 1.0 0.0  0.0  0.0  1.0
-1000.0 -100.0  1000.0 1.0 1.0  0.0  0.0  1.0
-1000.0  100.0  1000.0 0.0 0.0 -1.0  0.0  0.0
-1000.0  100.0 -1000.0 1.0 0.0 -1.0  0.0  0.0
-1000.0 -100.0  1000.0 0.0 1.0 -1.0  0.0  0.0
-1000.0 -100.0  1000.0 0.0 1.0 -1.0  0.0  0.0
-1000.0  100.0 -1000.0 1.0 0.0 -1.0  0.0  0.0
-1000.0 -100.0 -1000.0 1.0 1.0 -1.0  0.0  0.0
-1000.0  100.0  1000.0 0.0 0.0  0.0  1.0  0.0
 1000.0  100.0  1000.0 1.0 0.0  0.0  1.0  0.0
-1000.0  100.0 -1000.0 0.0 1.0  0.0  1.0  0.0
-1000.0  100.0 -1000.0 0.0 1.0  0.0  1.0  0.0
 1000.0  100.0  1000.0 1.0 0.0  0.0  1.0  0.0
 1000.0  100.0 -1000.0 1.0 1.0  0.0  1.0  0.0
-1000.0 -100.0 -1000.0 0.0 0.0  0.0 -1.0  0.0
 1000.0 -100.0 -1000.0 1.0 0.0  0.0 -1.0  0.0
-1000.0 -100.0  1000.0 0.0 1.0  0.0 -1.0  0.0
-1000.0 -100.0  1000.0 0.0 1.0  0.0 -1.0  0.0
 1000.0 -100.0 -1000.0 1.0 0.0  0.0 -1.0  0.0
 1000.0 -100.0  1000.0 1.0 1.0  0.0 -1.0  0.0
